1 2.974269 
2 2.089393 
3 4.260660 
4 7.592397 
5 11.539661 
6 15.834743 
7 17.790411 
8 -1.000000 
9 -1.000000 
10 6.003145 
11 6.003145 
12 10.464973 
13 14.283447 
14 14.283447 
15 14.283447 
16 18.180157 
17 18.180157 
18 24.088792 
19 24.088792 
20 3.966949 
21 3.516682 
22 4.762587 
23 5.694556 
24 5.694556 
25 9.646675 
26 11.635013 
27 11.635013 
28 15.620624 
29 17.615876 
30 -1.000000 
31 -1.000000 
32 -1.000000 
33 -1.000000 
34 -1.000000 
35 -1.000000 
36 -1.000000 
37 -1.000000 
38 -1.000000 
39 -1.000000 
40 -1.000000 
41 -1.000000 
42 -1.000000 
43 -1.000000 
44 -1.000000 
45 -1.000000 
46 -1.000000 
47 -1.000000 
48 -1.000000 
49 -1.000000 
50 -1.000000 
51 -1.000000 
52 -1.000000 
53 -1.000000 
54 -1.000000 
55 -1.000000 
56 -1.000000 
57 -1.000000 
58 -1.000000 
59 -1.000000 
60 3.983778 
61 1.387067 
62 2.799384 
63 2.854826 
64 6.786945 
65 12.782869 
66 12.782869 
67 18.826242 
68 20.821633 
69 -1.000000 
70 2.013432 
71 2.013432 
72 2.906273 
73 4.853243 
74 8.818677 
75 8.818677 
76 12.805629 
77 16.777491 
78 16.777491 
79 18.811611 
80 1.729469 
81 1.729469 
82 3.586615 
83 5.620732 
84 7.608772 
85 11.578728 
86 11.578728 
87 13.766322 
88 18.090249 
89 18.352904 
90 3.458275 
91 5.258458 
92 7.144356 
93 7.949368 
94 9.725374 
95 13.201836 
96 15.155161 
97 16.970387 
98 19.090830 
99 19.090830 
100 2.004716 
101 5.615571 
102 7.415023 
103 7.415023 
104 9.296801 
105 12.887460 
106 14.971788 
107 19.070139 
108 19.070139 
109 -1.000000 
110 3.064286 
111 3.064286 
112 4.839825 
113 8.688615 
114 12.631712 
115 12.809368 
116 12.809368 
117 14.987787 
118 18.886552 
119 -1.000000 
120 1.376637 
121 5.742075 
122 10.200378 
123 7.151433 
124 10.893550 
125 13.811496 
126 15.392498 
127 19.277934 
128 21.236609 
129 -1.000000 
130 5.508568 
131 5.473112 
132 6.129076 
133 8.762809 
134 10.411410 
135 11.756350 
136 13.986376 
137 17.743730 
138 19.658346 
139 -1.000000 
140 3.002030 
141 3.002030 
142 4.057818 
143 5.212411 
144 8.906530 
145 12.893164 
146 12.999386 
147 14.889170 
148 19.081287 
149 18.883718 
150 2.430705 
151 7.389543 
152 9.570743 
153 10.213158 
154 13.449059 
155 13.449059 
156 13.985230 
157 15.203996 
158 17.013107 
159 17.440048 
160 2.022565 
161 3.880575 
162 3.880575 
163 5.833263 
164 9.950804 
165 12.126086 
166 14.071604 
167 14.071604 
168 14.071604 
169 16.030538 
170 3.509407 
171 5.660422 
172 5.660422 
173 5.660422 
174 5.660422 
175 5.660422 
176 7.859060 
177 7.324413 
178 6.894144 
179 6.894144 
180 -1.000000 
181 -1.000000 
182 -1.000000 
183 -1.000000 
184 -1.000000 
185 -1.000000 
186 -1.000000 
187 -1.000000 
188 -1.000000 
189 -1.000000 
190 -1.000000 
191 -1.000000 
192 -1.000000 
193 -1.000000 
194 -1.000000 
195 -1.000000 
196 -1.000000 
197 -1.000000 
198 -1.000000 
199 -1.000000 
200 -1.000000 
201 -1.000000 
202 -1.000000 
203 -1.000000 
204 -1.000000 
205 -1.000000 
206 -1.000000 
207 -1.000000 
208 -1.000000 
209 -1.000000 
210 -1.000000 
211 -1.000000 
212 -1.000000 
213 -1.000000 
214 -1.000000 
215 -1.000000 
216 -1.000000 
217 -1.000000 
218 -1.000000 
219 -1.000000 
220 -1.000000 
221 -1.000000 
222 -1.000000 
223 -1.000000 
224 -1.000000 
225 -1.000000 
226 -1.000000 
227 -1.000000 
228 -1.000000 
229 -1.000000 
230 -1.000000 
231 -1.000000 
232 -1.000000 
233 -1.000000 
234 -1.000000 
235 -1.000000 
236 -1.000000 
237 -1.000000 
238 -1.000000 
239 -1.000000 
240 -1.000000 
241 -1.000000 
242 -1.000000 
243 -1.000000 
244 -1.000000 
245 -1.000000 
246 -1.000000 
247 -1.000000 
248 -1.000000 
249 -1.000000 
250 3.519873 
251 3.519873 
252 3.519873 
253 3.519873 
254 3.519873 
255 3.519873 
256 3.519873 
257 3.519873 
258 3.519873 
259 3.519873 
260 4.321078 
261 4.321078 
262 4.321078 
263 4.321078 
264 4.321078 
265 4.321078 
266 4.321078 
267 4.321078 
268 4.321078 
269 4.321078 
270 4.055956 
271 4.055956 
272 4.055956 
273 4.055956 
274 4.055956 
275 4.055956 
276 4.055956 
277 4.055956 
278 4.055956 
279 4.055956 
280 3.279758 
281 3.279758 
282 3.279758 
283 3.279758 
284 3.279758 
285 3.279758 
286 3.279758 
287 6.859573 
288 8.517763 
289 10.457088 
290 -1.000000 
291 -1.000000 
292 -1.000000 
293 -1.000000 
294 -1.000000 
295 -1.000000 
296 -1.000000 
297 -1.000000 
298 -1.000000 
299 -1.000000 
300 -1.000000 
301 -1.000000 
302 -1.000000 
303 -1.000000 
304 -1.000000 
305 -1.000000 
306 -1.000000 
307 -1.000000 
308 -1.000000 
309 -1.000000 
310 1.970696 
311 1.313141 
312 1.343127 
313 0.940485 
314 4.800578 
315 4.800578 
316 4.800578 
317 4.800578 
318 4.800578 
319 4.800578 
320 3.234959 
321 3.234959 
322 3.234959 
323 3.234959 
324 3.234959 
325 3.234959 
326 3.234959 
327 3.234959 
328 3.234959 
329 4.060029 
330 1.967160 
331 1.967160 
332 1.967160 
333 1.967160 
334 1.967160 
335 1.967160 
336 1.967160 
337 1.967160 
338 1.967160 
339 1.967160 
340 4.133918 
341 4.133918 
342 4.133918 
343 2.753341 
344 2.464243 
345 5.729236 
346 5.201510 
