1 -1.010000 
2 -1.010000 
3 -1.010000 
4 -1.010000 
5 -1.010000 
6 -1.010000 
7 -1.010000 
8 -1.010000 
9 -1.010000 
10 -1.010000 
11 -1.010000 
12 -1.010000 
13 -1.010000 
14 -1.010000 
15 -1.010000 
16 -1.010000 
17 -1.010000 
18 -1.010000 
19 -1.010000 
20 -1.010000 
21 -1.010000 
22 -1.010000 
23 -1.010000 
24 -1.010000 
25 -1.010000 
26 -1.010000 
27 -1.010000 
28 -1.010000 
29 -1.010000 
30 -1.010000 
31 -1.010000 
32 -1.010000 
33 -1.010000 
34 -1.010000 
35 -1.010000 
36 -1.010000 
37 -1.010000 
38 -1.010000 
39 -1.010000 
40 -1.010000 
41 -1.010000 
42 -1.010000 
43 -1.010000 
44 -1.010000 
45 -1.010000 
46 -1.010000 
47 -1.010000 
48 -1.010000 
49 -1.010000 
50 -1.010000 
51 -1.010000 
52 -1.010000 
53 -1.010000 
54 -1.010000 
55 -1.010000 
56 -1.010000 
57 -1.010000 
58 -1.010000 
59 -1.010000 
60 -1.010000 
